1 0.1689453125 0.3616398243045388 0.07421875 0.1259150805270864
1 0.17626953125 0.2005856515373353 0.0576171875 0.10834553440702782
1 0.10888671875 0.0739385065885798 0.0634765625 0.10102489019033675
0 0.14111328125 0.5197657393850659 0.0732421875 0.14641288433382138
0 0.4453125 0.5607613469985359 0.060546875 0.13177159590043924
0 0.478515625 0.37481698389458273 0.05859375 0.1259150805270864
0 0.43310546875 0.2752562225475842 0.0693359375 0.11420204978038068
0 0.47998046875 0.14055636896046853 0.0556640625 0.1171303074670571
0 0.7109375 0.39385065885797954 0.080078125 0.16691068814055637
1 0.8046875 0.2569546120058565 0.056640625 0.13616398243045388
