0 0.44375000000000003 0.5412757973733584 0.0525 0.11444652908067542
0 0.098125 0.4803001876172608 0.06125 0.10881801125703565
0 0.041875 0.3574108818011257 0.07125000000000001 0.09193245778611632
0 0.328125 0.48592870544090055 0.07875 0.10506566604127579
0 0.17375000000000002 0.5769230769230769 0.0675 0.11069418386491557
0 0.128125 0.7795497185741088 0.06375 0.11444652908067542
0 0.380625 0.8030018761726079 0.07375 0.1275797373358349
0 0.770625 0.3592870544090056 0.04875 0.11444652908067542
0 0.895 0.4849906191369606 0.0525 0.09943714821763602
0 0.550625 0.47654784240150094 0.06875 0.10881801125703565
0 0.6 0.39587242026266417 0.065 0.11632270168855535
0 0.795625 0.5347091932457786 0.05625 0.09380863039399624
0 0.71875 0.775797373358349 0.055 0.12570356472795496
0 0.9575 0.7204502814258912 0.0675 0.13133208255159476
0 0.344375 0.3320825515947467 0.05625 0.10506566604127579
