0 0.0934375 0.41750000000000004 0.07062500000000001 0.11
0 0.2240625 0.39083333333333337 0.063125 0.10333333333333335
0 0.3321875 0.4445833333333334 0.054375 0.09583333333333334
0 0.4028125 0.41625 0.049375 0.10416666666666667
0 0.470625 0.38625000000000004 0.05625 0.1125
0 0.5540625 0.41500000000000004 0.07187500000000001 0.13
0 0.6015625 0.3145833333333333 0.059375000000000004 0.09416666666666668
0 0.6946875 0.3204166666666667 0.048125 0.0975
0 0.6425 0.44875000000000004 0.07 0.1375
1 0.8612500000000001 0.42708333333333337 0.08375 0.11916666666666667
