0 0.501875 0.8658333333333333 0.09375 0.15833333333333335
0 0.32937500000000003 0.8308333333333334 0.08375 0.14166666666666666
0 0.215 0.8016666666666667 0.0825 0.13333333333333333
0 0.075 0.8058333333333334 0.0925 0.14833333333333334
0 0.791875 0.7341666666666667 0.06125 0.125
0 0.666875 0.6308333333333334 0.07375 0.135
0 0.545625 0.6508333333333334 0.06625 0.14500000000000002
0 0.405 0.6141666666666667 0.08750000000000001 0.165
0 0.11125 0.5525 0.0925 0.14166666666666666
0 0.12625 0.37583333333333335 0.09 0.10833333333333334
0 0.253125 0.40750000000000003 0.07875 0.10166666666666667
0 0.345625 0.40750000000000003 0.06375 0.11166666666666668
0 0.4675 0.4683333333333334 0.0725 0.11333333333333334
0 0.573125 0.47750000000000004 0.06375 0.125
0 0.716875 0.29583333333333334 0.05625 0.10166666666666667
0 0.361875 0.19583333333333336 0.06375 0.10500000000000001
0 0.475625 0.2366666666666667 0.05375 0.10666666666666667
0 0.08375 0.1975 0.0625 0.095
0 0.20625000000000002 0.1325 0.0525 0.09833333333333334
0 0.535 0.24000000000000002 0.0475 0.11
0 0.786875 0.1525 0.058750000000000004 0.11166666666666668
0 0.895 0.17750000000000002 0.0525 0.115
