0 0.06880733944954129 0.4261517615176152 0.10091743119266054 0.2018970189701897
0 0.11050875729774812 0.5995934959349594 0.08256880733944953 0.18292682926829268
0 0.23269391159299416 0.40447154471544716 0.10842368640533778 0.2073170731707317
0 0.3244370308590492 0.5413279132791328 0.0884070058381985 0.2127371273712737
0 0.43577981651376146 0.42886178861788615 0.08924103419516263 0.1856368563685637
0 0.5283569641367807 0.592140921409214 0.10091743119266054 0.2086720867208672
0 0.6205170975813178 0.4105691056910569 0.07673060884070058 0.2005420054200542
0 0.7210175145954962 0.513550135501355 0.097581317764804 0.1978319783197832
0 0.8073394495412843 0.41937669376693765 0.0950792326939116 0.1991869918699187
0 0.9045037531276063 0.5636856368563685 0.08090075062552127 0.1978319783197832
